3 0.12421875 0.43203125 0.040625 0.146875
3 0.26015625 0.5515625 0.05625 0.14765625
3 0.33984375 0.36796875 0.0515625 0.11875
3 0.41953125 0.18359375 0.04453125 0.10234375
3 0.46875 0.56796875 0.0546875 0.13203125
3 0.54296875 0.72734375 0.05625 0.15625
3 0.77734375 0.44609375 0.0484375 0.13203125
3 0.81640625 0.321875 0.05078125 0.13125
3 0.55859375 0.5078125 0.03125 0.134375
3 0.53828125 0.52890625 0.03515625 0.14140625
0 0.515625 0.57734375 0.0125 0.0203125
2 0.69140625 0.61875 0.05546875 0.15625