3 0.14296875 0.47109375 0.0328125 0.10234375
3 0.18515625 0.52890625 0.028125 0.1015625
3 0.29921875 0.31953125 0.01875 0.06875
3 0.3546875 0.51875 0.0328125 0.10234375
3 0.440625 0.28671875 0.01953125 0.06171875
3 0.5703125 0.425 0.0265625 0.08515625
3 0.6390625 0.35546875 0.021875 0.07421875
3 0.45546875 0.665625 0.0546875 0.125
3 0.41328125 0.67109375 0.02578125 0.0796875
3 0.41328125 0.746875 0.0296875 0.12421875
3 0.525 0.70390625 0.0453125 0.12421875
3 0.675 0.75078125 0.03515625 0.13828125
3 0.73359375 0.5734375 0.03125 0.1015625
3 0.784375 0.44375 0.025 0.0921875
3 0.771875 0.3234375 0.0265625 0.06484375
3 0.84765625 0.3125 0.0203125 0.07421875
2 0.28125 0.50859375 0.0328125 0.109375
0 0.55703125 0.746875 0.0109375 0.025