3 0.834375 0.6359375 0.06328125 0.1984375
3 0.46640625 0.50625 0.07109375 0.1515625
3 0.2984375 0.36328125 0.059375 0.1390625
3 0.246875 0.36875 0.046875 0.12109375
3 0.3234375 0.21796875 0.0421875 0.1359375
3 0.34296875 0.16328125 0.02734375 0.06328125
3 0.51015625 0.3 0.0359375 0.13203125
3 0.6234375 0.2578125 0.02734375 0.1203125
3 0.71015625 0.1921875 0.04140625 0.1203125
3 0.76015625 0.24375 0.03203125 0.13125
3 0.80703125 0.16484375 0.0328125 0.06640625
0 0.2140625 0.4296875 0.0171875 0.0328125