2 0.090625 0.5046875 0.01875 0.1328125
3 0.4203125 0.55390625 0.040625 0.13828125
3 0.4859375 0.55703125 0.0421875 0.1421875
3 0.6234375 0.478125 0.04375 0.1484375
3 0.68515625 0.553125 0.04140625 0.14296875
3 0.77421875 0.6953125 0.0515625 0.18984375
3 0.65390625 0.69609375 0.034375 0.16875
3 0.5859375 0.825 0.03984375 0.1453125
3 0.421875 0.8125 0.059375 0.1578125
3 0.35703125 0.39921875 0.02421875 0.08671875
3 0.3046875 0.38359375 0.028125 0.0953125
0 0.30859375 0.4171875 0.01015625 0.015625
3 0.2328125 0.43515625 0.02734375 0.09453125
3 0.19609375 0.43828125 0.028125 0.08203125
3 0.2125 0.4703125 0.04375 0.10859375