2 0.2203125 0.52109375 0.040625 0.11484375
3 0.190625 0.36328125 0.028125 0.09765625
3 0.22421875 0.32734375 0.0265625 0.0859375
3 0.246875 0.36953125 0.03046875 0.090625
3 0.309375 0.33515625 0.04140625 0.09140625
3 0.428125 0.24921875 0.03046875 0.07890625
3 0.43828125 0.42578125 0.03046875 0.09140625
3 0.50078125 0.39296875 0.03046875 0.10078125
3 0.490625 0.27421875 0.03359375 0.08046875
3 0.59453125 0.56875 0.040625 0.12265625
3 0.52734375 0.7484375 0.04375 0.13359375
0 0.43203125 0.278125 0.01015625 0.0171875